0 0
0 0
0 0
0 0
0 0
0 0
0 0
0 0
0 0
0 0
0 0
0 0
0 0
0 0
0 0
0 0
0 0
0 0
0 0
0 0
0 0
0 0
0 0
0 0
0 0
0 0
0 0
0 0
0 0
0 0
0 0
0 0
0 0
0 0
0 0
0 0
0 0
0 0
0 0
0 0
0 0
0 0
0 0
0 0
0 0
0 0
0 0
0 0
0 0
0 0
0 0
0 0
0 0
0 0
0 0
0 0
0 0
0 0
0 0
0 0
0 0
0 0
0 0
0 0
0 0
0 0
0 0
0 0
0 0
0 0
0 0
0 0
0 0
0 0
0 0
0 0
0 0
0 0
0 0
0 0
0 0
0 0
0 0
0 0
0 0
0 0
0 0
0 0
0 0
0 0
0 0
0 0
0 0
0 0
0 0
0 0
0 0
0 0
0 0
0 0
0 0
0 0
4 4
0 4
0 4
0 4
0 4
0 4
0 4
0 4
0 4
0 4
0 4
0 4
0 4
0 4
0 4
7 11
7 18
4 22
0 22
0 22
1 23
0 23
0 23
0 23
0 23
0 23
0 23
2 25
0 25
9 34
0 34
0 34
0 34
6 40
0 40
0 40
1 41
0 41
0 41
0 41
1 42
0 42
0 42
1 43
0 43
7 50
0 50
0 50
0 50
0 50
0 50
0 50
0 50
9 59
0 59
7 66
0 66
0 66
0 66
0 66
8 74
3 77
0 77
0 77
0 77
0 77
0 77
0 77
0 77
0 77
0 77
3 80
0 80
4 84
0 84
0 84
0 84
0 84
0 84
0 84
0 84
5 89
0 89
0 89
0 89
0 89
0 89
0 89
0 89
3 92
0 92
0 92
6 98
0 98
0 98
0 98
0 98
0 98
0 98
0 98
0 98
0 98
0 98
0 98
0 98
0 98
0 98
0 98
7 105
3 108
0 108
0 108
0 108
0 108
0 108
0 108
0 108
5 113
0 113
0 113
0 113
0 113
2 115
0 115
0 115
4 119
9 128
0 128
0 128
0 128
0 128
0 128
0 128
9 137
0 137
0 137
0 137
2 139
2 141
0 141
0 141
0 141
4 145
0 145
0 145
0 145
0 145
0 145
0 145
9 154
0 154
0 154
0 154
8 162
5 167
0 167
0 167
0 167
0 167
0 167
0 167
0 167
0 167
0 167
0 167
0 167
9 176
0 176
2 178
0 178
0 178
2 180
0 180
6 186
0 186
0 186
0 186
5 191
0 191
0 191
9 200
4 204
9 213
0 213
0 213
0 213
0 213
1 214
0 214
0 214
0 214
0 214
0 214
0 214
0 214
0 214
7 221
0 221
0 221
0 221
0 221
0 221
8 229
0 229
2 231
0 231
0 231
0 231
0 231
0 231
0 231
0 231
0 231
0 231
0 231
0 231
0 231
0 231
0 231
0 231
0 231
0 231
0 231
5 236
5 241
3 244
0 244
5 249
5 254
0 254
0 254
0 254
0 254
0 254
3 257
0 257
0 257
0 257
7 264
0 264
3 267
0 267
0 267
0 267
0 267
0 267
0 267
0 267
0 267
6 273
0 273
0 273
0 273
0 273
0 273
0 273
0 273
7 280
0 280
0 280
0 280
0 280
0 280
0 280
0 280
8 288
3 291
0 291
0 291
0 291
0 291
0 291
0 291
0 291
0 291
0 291
0 291
0 291
0 291
0 291
0 291
0 291
0 291
2 293
0 293
8 301
4 305
0 305
0 305
0 305
0 305
0 305
0 305
0 305
0 305
0 305
0 305
0 305
1 306
4 310
0 310
4 314
0 314
0 314
0 314
0 314
0 314
0 314
0 314
0 314
0 314
0 314
0 314
0 314
9 323
0 323
0 323
0 323
0 323
0 323
0 323
0 323
0 323
0 323
0 323
0 323
0 323
0 323
7 330
0 330
0 330
0 330
0 330
7 337
4 341
0 341
0 341
0 341
0 341
8 349
0 349
0 349
0 349
0 349
1 350
0 350
0 350
0 350
9 359
0 359
0 359
9 368
0 368
2 370
0 370
0 370
0 370
6 376
0 376
3 379
0 379
4 383
0 383
0 383
0 383
0 383
0 383
0 383
0 383
8 391
5 396
0 396
0 396
0 396
5 401
0 401
0 401
0 401
0 401
0 401
0 401
0 401
0 401
0 401
0 401
0 401
4 405
0 405
8 413
1 414
0 414
4 418
0 418
0 418
0 418
0 418
0 418
0 418
0 418
0 418
0 418
0 418
0 418
0 418
2 420
0 420
0 420
9 429
0 429
0 429
0 429
0 429
0 429
0 429
0 429
0 429
5 434
2 436
9 445
0 445
0 445
6 451
0 451
0 451
0 451
0 451
7 458
0 458
0 458
3 461
0 461
0 461
0 461
6 467
0 467
0 467
0 467
0 467
4 471
0 471
6 477
0 477
0 477
0 477
0 477
0 477
0 477
0 477
0 477
0 477
0 477
1 478
0 478
3 481
7 488
0 488
9 497
0 497
0 497
0 497
0 497
0 497
0 497
0 497
0 497
0 497
3 500
0 500
0 500
0 500
3 503
0 503
0 503
0 503
0 503
0 503
0 503
1 504
0 504
0 504
0 504
0 504
5 509
0 509
3 512
0 512
0 512
0 512
0 512
0 512
0 512
0 512
0 512
0 512
0 512
0 512
0 512
0 512
0 512
0 512
2 514
0 514
0 514
0 514
0 514
0 514
0 514
0 514
0 514
2 516
0 516
1 517
0 517
0 517
0 517
0 517
0 517
0 517
0 517
0 517
0 517
0 517
0 517
0 517
0 517
0 517
0 517
8 525
0 525
4 529
8 537
0 537
0 537
0 537
0 537
0 537
5 542
0 542
0 542
0 542
0 542
0 542
0 542
0 542
5 547
9 556
0 556
0 556
0 556
0 556
0 556
0 556
7 563
2 565
0 565
0 565
0 565
0 565
0 565
2 567
2 569
0 569
0 569
0 569
0 569
0 569
0 569
0 569
0 569
0 569
5 574
0 574
0 574
0 574
0 574
0 574
0 574
0 574
0 574
0 574
0 574
0 574
0 574
0 574
0 574
2 576
0 576
0 576
0 576
0 576
0 576
1 577
0 577
8 585
0 585
0 585
0 585
0 585
0 585
0 585
8 593
0 593
7 600
0 600
0 600
0 600
6 606
0 606
0 606
0 606
0 606
0 606
0 606
0 606
0 606
0 606
0 606
0 606
0 606
9 615
0 615
0 615
0 615
0 615
0 615
0 615
0 615
8 623
0 623
7 630
0 630
0 630
0 630
0 630
6 636
0 636
0 636
0 636
0 636
7 643
0 643
0 643
0 643
0 643
0 643
0 643
0 643
0 643
0 643
0 643
2 645
0 645
0 645
0 645
0 645
4 649
0 649
0 649
6 655
0 655
0 655
0 655
0 655
0 655
0 655
0 655
0 655
0 655
0 655
0 655
0 655
6 661
5 666
0 666
0 666
0 666
0 666
0 666
0 666
0 666
0 666
0 666
0 666
7 673
0 673
0 673
0 673
0 673
9 682
0 682
0 682
0 682
2 684
0 684
9 693
3 696
0 696
0 696
0 696
0 696
5 701
0 701
0 701
0 701
0 701
0 701
0 701
0 701
0 701
6 707
1 708
0 708
5 713
0 713
0 713
5 718
0 718
0 718
0 718
0 718
0 718
0 718
1 719
8 727
0 727
0 727
0 727
0 727
0 727
0 727
4 731
0 731
0 731
0 731
9 740
0 740
0 740
0 740
0 740
0 740
4 744
0 744
0 744
0 744
0 744
0 744
0 744
9 753
0 753
0 753
0 753
0 753
0 753
0 753
0 753
0 753
6 759
0 759
0 759
0 759
0 759
0 759
0 759
7 766
1 767
0 767
0 767
0 767
3 770
0 770
0 770
0 770
0 770
0 770
0 770
1 771
0 771
0 771
0 771
0 771
0 771
0 771
0 771
0 771
0 771
8 779
0 779
1 780
0 780
0 780
0 780
0 780
0 780
0 780
2 782
8 790
0 790
0 790
0 790
0 790
0 790
0 790
0 790
0 790
5 795
5 800
0 800
0 800
0 800
7 807
6 813
0 813
0 813
0 813
0 813
0 813
0 813
6 819
0 819
0 819
0 819
0 819
0 819
1 820
0 820
0 820
0 820
0 820
0 820
0 820
0 820
0 820
0 820
1 821
7 828
0 828
0 828
7 835
0 835
0 835
2 837
3 840
0 840
1 841
0 841
0 841
0 841
0 841
0 841
0 841
0 841
2 843
0 843
0 843
0 843
0 843
4 847
0 847
0 847
0 847
0 847
0 847
0 847
0 847
0 847
0 847
0 847
0 847
3 850
0 850
0 850
0 850
0 850
0 850
0 850
0 850
0 850
0 850
6 856
0 856
0 856
0 856
0 856
0 856
0 856
0 856
1 857
0 857
5 862
0 862
0 862
5 867
0 867
0 867
0 867
0 867
0 867
0 867
0 867
6 873
0 873
3 876
0 876
0 876
0 876
0 876
0 876
0 876
0 876
0 876
8 884
0 884
0 884
0 884
0 884
0 884
0 884
0 884
9 893
0 893
0 893
0 893
0 893
0 893
0 893
0 893
0 893
6 899
0 899
0 899
0 899
0 899
0 899
0 899
0 899
5 904
0 904
0 904
0 904
0 904
0 904
0 904
0 904
0 904
0 904
0 904
0 904
0 904
0 904
0 904
4 908
0 908
0 908
3 911
0 911
0 911
0 911
0 911
0 911
9 920
0 920
0 920
0 920
7 927
0 927
0 927
0 927
0 927
0 927
0 927
0 927
0 927
0 927
0 927
0 927
0 927
0 927
0 927
0 927
0 927
3 930
0 930
0 930
0 930
0 930
0 930
4 934
0 934
7 941
0 941
0 941
2 943
0 943
0 943
7 950
2 952
0 952
0 952
0 952
0 952
0 952
9 961
0 961
0 961
0 961
0 961
0 961
0 961
0 961
0 961
0 961
0 961
0 961
0 961
0 961
8 969
0 969
0 969
0 969
2 971
0 971
0 971
0 971
0 971
0 971
0 971
0 971
0 971
0 971
0 971
0 971
0 971
0 971
0 971
0 971
0 971
0 971
0 971
0 971
5 976
7 983
0 983
0 983
0 983
0 983
8 991
0 991
0 991
7 998
0 998
0 998
6 1004
0 1004
5 1009
9 1018
0 1018
8 1026
0 1026
0 1026
0 1026
0 1026
6 1032
0 1032
0 1032
0 1032
0 1032
6 1038
0 1038
0 1038
0 1038
0 1038
4 1042
0 1042
0 1042
0 1042
0 1042
0 1042
0 1042
0 1042
8 1050
0 1050
0 1050
0 1050
0 1050
8 1058
0 1058
8 1066
0 1066
0 1066
0 1066
0 1066
0 1066
0 1066
0 1066
1 1067
5 1072
0 1072
0 1072
0 1072
0 1072
3 1075
0 1075
0 1075
0 1075
0 1075
0 1075
0 1075
0 1075
4 1079
0 1079
0 1079
7 1086
0 1086
0 1086
0 1086
0 1086
0 1086
0 1086
0 1086
0 1086
0 1086
0 1086
0 1086
0 1086
2 1088
8 1096
3 1099
0 1099
5 1104
0 1104
0 1104
0 1104
0 1104
0 1104
0 1104
4 1108
0 1108
8 1116
0 1116
0 1116
0 1116
0 1116
3 1119
0 1119
0 1119
0 1119
0 1119
0 1119
3 1122
0 1122
0 1122
0 1122
0 1122
0 1122
4 1126
0 1126
0 1126
0 1126
0 1126
4 1130
0 1130
0 1130
0 1130
1 1131
0 1131
0 1131
4 1135
0 1135
0 1135
0 1135
0 1135
3 1138
3 1141
0 1141
0 1141
0 1141
0 1141
0 1141
0 1141
0 1141
0 1141
0 1141
0 1141
0 1141
0 1141
0 1141
0 1141
0 1141
0 1141
0 1141
0 1141
0 1141
0 1141
0 1141
0 1141
0 1141
1 1142
8 1150
0 1150
0 1150
4 1154
0 1154
0 1154
9 1163
0 1163
7 1170
0 1170
3 1173
0 1173
0 1173
0 1173
0 1173
0 1173
0 1173
0 1173
0 1173
0 1173
0 1173
0 1173
0 1173
4 1177
0 1177
0 1177
0 1177
2 1179
2 1181
5 1186
0 1186
0 1186
0 1186
5 1191
0 1191
3 1194
0 1194
0 1194
0 1194
4 1198
1 1199
5 1204
0 1204
0 1204
0 1204
0 1204
0 1204
0 1204
0 1204
0 1204
0 1204
0 1204
0 1204
8 1212
0 1212
0 1212
0 1212
2 1214
0 1214
0 1214
0 1214
7 1221
0 1221
0 1221
0 1221
1 1222
0 1222
4 1226
0 1226
0 1226
0 1226
0 1226
0 1226
0 1226
0 1226
0 1226
0 1226
0 1226
0 1226
0 1226
2 1228
0 1228
0 1228
0 1228
0 1228
0 1228
0 1228
0 1228
0 1228
0 1228
0 1228
0 1228
0 1228
7 1235
0 1235
0 1235
0 1235
0 1235
0 1235
0 1235
0 1235
7 1242
5 1247
0 1247
0 1247
0 1247
0 1247
0 1247
2 1249
1 1250
0 1250
8 1258
0 1258
0 1258
6 1264
0 1264
0 1264
0 1264
0 1264
0 1264
0 1264
0 1264
0 1264
0 1264
0 1264
0 1264
1 1265
0 1265
0 1265
0 1265
7 1272
0 1272
0 1272
0 1272
0 1272
0 1272
0 1272
0 1272
0 1272
1 1273
7 1280
0 1280
0 1280
4 1284
0 1284
0 1284
6 1290
0 1290
0 1290
0 1290
0 1290
0 1290
2 1292
0 1292
0 1292
0 1292
0 1292
0 1292
0 1292
0 1292
4 1296
0 1296
0 1296
0 1296
8 1304
0 1304
0 1304
0 1304
1 1305
0 1305
0 1305
7 1312
0 1312
0 1312
0 1312
0 1312
0 1312
0 1312
0 1312
1 1313
1 1314
0 1314
0 1314
0 1314
1 1315
0 1315
8 1323
0 1323
0 1323
6 1329
0 1329
0 1329
0 1329
0 1329
0 1329
3 1332
0 1332
0 1332
0 1332
0 1332
0 1332
0 1332
0 1332
0 1332
0 1332
0 1332
0 1332
0 1332
9 1341
0 1341
0 1341
0 1341
0 1341
5 1346
0 1346
1 1347
8 1355
0 1355
0 1355
6 1361
4 1365
0 1365
0 1365
6 1371
3 1374
0 1374
0 1374
0 1374
0 1374
5 1379
0 1379
0 1379
0 1379
0 1379
0 1379
0 1379
0 1379
0 1379
2 1381
0 1381
0 1381
6 1387
4 1391
0 1391
0 1391
0 1391
0 1391
0 1391
0 1391
0 1391
0 1391
3 1394
0 1394
0 1394
0 1394
0 1394
0 1394
2 1396
0 1396
0 1396
0 1396
0 1396
9 1405
0 1405
0 1405
0 1405
0 1405
5 1410
0 1410
0 1410
0 1410
0 1410
0 1410
0 1410
0 1410
0 1410
0 1410
0 1410
0 1410
0 1410
0 1410
0 1410
9 1419
0 1419
0 1419
0 1419
7 1426
7 1433
0 1433
0 1433
0 1433
0 1433
0 1433
0 1433
0 1433
0 1433
3 1436
0 1436
9 1445
3 1448
0 1448
0 1448
2 1450
1 1451
0 1451
0 1451
0 1451
0 1451
0 1451
0 1451
0 1451
7 1458
0 1458
0 1458
0 1458
1 1459
0 1459
0 1459
0 1459
0 1459
0 1459
8 1467
0 1467
1 1468
0 1468
9 1477
0 1477
0 1477
0 1477
0 1477
0 1477
0 1477
0 1477
0 1477
0 1477
6 1483
0 1483
0 1483
0 1483
0 1483
5 1488
0 1488
0 1488
9 1497
0 1497
7 1504
0 1504
0 1504
0 1504
3 1507
0 1507
0 1507
0 1507
0 1507
0 1507
0 1507
0 1507
6 1513
0 1513
0 1513
0 1513
0 1513
2 1515
9 1524
0 1524
4 1528
0 1528
0 1528
0 1528
0 1528
0 1528
0 1528
0 1528
0 1528
0 1528
2 1530
0 1530
0 1530
0 1530
0 1530
0 1530
0 1530
3 1533
0 1533
0 1533
0 1533
0 1533
5 1538
0 1538
0 1538
0 1538
0 1538
3 1541
9 1550
5 1555
0 1555
0 1555
0 1555
0 1555
0 1555
0 1555
0 1555
0 1555
0 1555
0 1555
0 1555
5 1560
0 1560
0 1560
0 1560
0 1560
7 1567
0 1567
0 1567
0 1567
4 1571
0 1571
1 1572
0 1572
0 1572
0 1572
0 1572
2 1574
7 1581
0 1581
0 1581
4 1585
9 1594
0 1594
1 1595
0 1595
0 1595
0 1595
0 1595
0 1595
4 1599
0 1599
0 1599
0 1599
0 1599
3 1602
0 1602
0 1602
9 1611
0 1611
0 1611
0 1611
0 1611
0 1611
0 1611
0 1611
0 1611
0 1611
0 1611
9 1620
0 1620
8 1628
0 1628
5 1633
0 1633
0 1633
7 1640
0 1640
5 1645
2 1647
0 1647
0 1647
6 1653
0 1653
0 1653
0 1653
5 1658
0 1658
1 1659
0 1659
0 1659
0 1659
9 1668
0 1668
0 1668
0 1668
0 1668
0 1668
9 1677
0 1677
0 1677
8 1685
0 1685
0 1685
0 1685
0 1685
8 1693
2 1695
0 1695
0 1695
0 1695
0 1695
0 1695
0 1695
8 1703
3 1706
0 1706
0 1706
0 1706
0 1706
0 1706
0 1706
0 1706
0 1706
0 1706
0 1706
0 1706
4 1710
0 1710
0 1710
0 1710
0 1710
0 1710
0 1710
9 1719
0 1719
0 1719
0 1719
0 1719
0 1719
0 1719
0 1719
7 1726
0 1726
0 1726
0 1726
0 1726
0 1726
0 1726
6 1732
0 1732
0 1732
0 1732
9 1741
0 1741
0 1741
0 1741
0 1741
9 1750
0 1750
9 1759
0 1759
0 1759
0 1759
0 1759
0 1759
3 1762
0 1762
0 1762
0 1762
0 1762
0 1762
7 1769
0 1769
0 1769
0 1769
0 1769
0 1769
2 1771
6 1777
0 1777
0 1777
0 1777
0 1777
3 1780
7 1787
0 1787
0 1787
0 1787
0 1787
1 1788
9 1797
0 1797
0 1797
0 1797
0 1797
0 1797
8 1805
0 1805
0 1805
0 1805
0 1805
2 1807
0 1807
0 1807
0 1807
9 1816
0 1816
0 1816
0 1816
6 1822
0 1822
0 1822
9 1831
0 1831
0 1831
0 1831
0 1831
0 1831
0 1831
0 1831
0 1831
3 1834
7 1841
0 1841
7 1848
0 1848
0 1848
0 1848
0 1848
0 1848
0 1848
0 1848
6 1854
0 1854
0 1854
8 1862
0 1862
0 1862
0 1862
0 1862
0 1862
0 1862
0 1862
0 1862
1 1863
0 1863
8 1871
9 1880
0 1880
0 1880
3 1883
0 1883
0 1883
0 1883
0 1883
3 1886
0 1886
0 1886
0 1886
0 1886
0 1886
0 1886
0 1886
0 1886
0 1886
0 1886
1 1887
8 1895
0 1895
0 1895
0 1895
0 1895
0 1895
0 1895
0 1895
0 1895
0 1895
0 1895
0 1895
0 1895
0 1895
8 1903
0 1903
0 1903
0 1903
0 1903
8 1911
4 1915
4 1919
0 1919
0 1919
5 1924
6 1930
0 1930
0 1930
1 1931
0 1931
0 1931
0 1931
0 1931
3 1934
0 1934
0 1934
0 1934
0 1934
0 1934
6 1940
0 1940
0 1940
0 1940
0 1940
0 1940
0 1940
0 1940
0 1940
0 1940
0 1940
7 1947
0 1947
0 1947
0 1947
0 1947
0 1947
0 1947
0 1947
0 1947
4 1951
0 1951
0 1951
6 1957
0 1957
0 1957
0 1957
0 1957
0 1957
5 1962
0 1962
0 1962
0 1962
8 1970
0 1970
8 1978
2 1980
0 1980
0 1980
0 1980
0 1980
0 1980
0 1980
0 1980
7 1987
0 1987
5 1992
5 1997
8 2005
0 2005
0 2005
0 2005
0 2005
0 2005
0 2005
0 2005
0 2005
0 2005
0 2005
0 2005
0 2005
0 2005
8 2013
7 2020
0 2020
0 2020
0 2020
5 2025
0 2025
0 2025
0 2025
0 2025
0 2025
0 2025
0 2025
0 2025
0 2025
0 2025
0 2025
0 2025
0 2025
0 2025
3 2028
0 2028
0 2028
7 2035
0 2035
0 2035
0 2035
7 2042
6 2048
2 2050
0 2050
1 2051
0 2051
0 2051
0 2051
0 2051
0 2051
8 2059
0 2059
0 2059
0 2059
0 2059
0 2059
0 2059
0 2059
9 2068
0 2068
0 2068
0 2068
0 2068
0 2068
0 2068
0 2068
0 2068
0 2068
2 2070
0 2070
0 2070
0 2070
0 2070
0 2070
0 2070
0 2070
1 2071
8 2079
2 2081
0 2081
9 2090
4 2094
8 2102
5 2107
0 2107
0 2107
0 2107
0 2107
5 2112
7 2119
0 2119
0 2119
0 2119
0 2119
0 2119
7 2126
0 2126
4 2130
0 2130
0 2130
0 2130
0 2130
0 2130
2 2132
0 2132
0 2132
0 2132
0 2132
0 2132
0 2132
0 2132
0 2132
0 2132
0 2132
0 2132
8 2140
0 2140
0 2140
0 2140
0 2140
0 2140
0 2140
4 2144
1 2145
0 2145
0 2145
0 2145
2 2147
0 2147
0 2147
8 2155
0 2155
0 2155
2 2157
4 2161
0 2161
3 2164
0 2164
0 2164
0 2164
0 2164
6 2170
0 2170
0 2170
0 2170
0 2170
0 2170
0 2170
0 2170
5 2175
0 2175
6 2181
0 2181
3 2184
0 2184
9 2193
2 2195
0 2195
0 2195
0 2195
0 2195
0 2195
0 2195
0 2195
0 2195
0 2195
0 2195
0 2195
0 2195
0 2195
0 2195
4 2199
0 2199
0 2199
0 2199
0 2199
0 2199
3 2202
7 2209
0 2209
0 2209
0 2209
0 2209
0 2209
0 2209
0 2209
0 2209
0 2209
0 2209
0 2209
0 2209
2 2211
0 2211
0 2211
0 2211
0 2211
0 2211
0 2211
0 2211
0 2211
0 2211
0 2211
0 2211
2 2213
0 2213
0 2213
0 2213
8 2221
0 2221
0 2221
0 2221
4 2225
0 2225
6 2231
0 2231
0 2231
0 2231
0 2231
8 2239
1 2240
0 2240
0 2240
0 2240
0 2240
0 2240
0 2240
0 2240
0 2240
0 2240
0 2240
0 2240
0 2240
2 2242
0 2242
0 2242
0 2242
0 2242
5 2247
0 2247
0 2247
3 2250
0 2250
0 2250
0 2250
0 2250
0 2250
0 2250
0 2250
0 2250
2 2252
0 2252
0 2252
0 2252
0 2252
0 2252
0 2252
0 2252
0 2252
0 2252
0 2252
0 2252
0 2252
0 2252
0 2252
0 2252
0 2252
0 2252
3 2255
1 2256
0 2256
0 2256
0 2256
6 2262
0 2262
0 2262
0 2262
0 2262
0 2262
0 2262
0 2262
0 2262
5 2267
0 2267
0 2267
0 2267
0 2267
0 2267
9 2276
0 2276
8 2284
0 2284
0 2284
0 2284
0 2284
0 2284
0 2284
0 2284
0 2284
0 2284
0 2284
0 2284
0 2284
0 2284
0 2284
9 2293
0 2293
7 2300
0 2300
0 2300
0 2300
0 2300
0 2300
0 2300
0 2300
0 2300
0 2300
0 2300
0 2300
0 2300
0 2300
0 2300
7 2307
0 2307
0 2307
0 2307
0 2307
0 2307
9 2316
0 2316
0 2316
7 2323
0 2323
0 2323
0 2323
2 2325
0 2325
0 2325
0 2325
0 2325
0 2325
0 2325
7 2332
0 2332
0 2332
0 2332
7 2339
0 2339
8 2347
0 2347
0 2347
0 2347
0 2347
0 2347
0 2347
0 2347
2 2349
0 2349
0 2349
0 2349
0 2349
0 2349
0 2349
0 2349
0 2349
0 2349
0 2349
0 2349
0 2349
0 2349
0 2349
0 2349
0 2349
0 2349
0 2349
0 2349
0 2349
0 2349
0 2349
0 2349
0 2349
0 2349
0 2349
0 2349
0 2349
0 2349
0 2349
0 2349
0 2349
0 2349
0 2349
0 2349
0 2349
0 2349
0 2349
0 2349
0 2349
0 2349
0 2349
0 2349
0 2349
0 2349
0 2349
0 2349
4 2353
0 2353
0 2353
0 2353
0 2353
0 2353
7 2360
0 2360
0 2360
0 2360
0 2360
6 2366
0 2366
0 2366
7 2373
0 2373
0 2373
0 2373
3 2376
0 2376
5 2381
0 2381
7 2388
0 2388
1 2389
0 2389
0 2389
5 2394
0 2394
0 2394
0 2394
0 2394
0 2394
7 2401
0 2401
0 2401
0 2401
0 2401
9 2410
0 2410
0 2410
0 2410
0 2410
0 2410
1 2411
0 2411
0 2411
0 2411
0 2411
0 2411
0 2411
7 2418
0 2418
0 2418
0 2418
0 2418
0 2418
0 2418
4 2422
0 2422
4 2426
0 2426
0 2426
4 2430
0 2430
0 2430
0 2430
9 2439
0 2439
1 2440
0 2440
1 2441
0 2441
8 2449
0 2449
0 2449
0 2449
2 2451
0 2451
9 2460
0 2460
0 2460
